  double point
         cmax0     257.9670000000000         1.000000         0.000000    
         nmax0     3.919440000000000         1.000000         0.000000    
       cfalll0    8.2908590000000004E-02     1.000000         0.000000    
       cfallw0    1.6323750000000001E-02     1.000000         0.000000    
       cfallr0    2.7369040000000001E-02     1.000000         0.000000    
       nfalll0    2.0537170000000000E-02     1.000000         0.000000    
       nfallw0    1.0158060000000000E-02     1.000000         0.000000    
       nfallr0    1.2007100000000000E-03     1.000000         0.000000    
         krb00    -2.301100000000000         1.000000         0.000000    
         krb10    -5.604400000000000         1.000000         0.000000    
         krb20    -3.197500000000000         1.000000         0.000000    
         cmax1     625.0000000000000         1.000000         0.000000    
         nmax1     8.500000000000000         1.000000         0.000000    
       cfalll1    8.3000000000000004E-02     1.000000         0.000000    
       cfallw1    1.6000000000000000E-02     1.000000         0.000000    
       cfallr1    2.0000000000000000E-02     1.000000         0.000000    
       nfalll1    2.8000000000000001E-02     1.000000         0.000000    
       nfallw1    1.2999999999999999E-02     1.000000         0.000000    
       nfallr1    8.9999999999999993E-03     1.000000         0.000000    
         krb01    -3.900000000000000         1.000000         0.000000    
         krb11    -6.200000000000000         1.000000         0.000000    
         krb21    -2.050000000000000         1.000000         0.000000    
         cmax2     77.92789999999999         1.000000         0.000000    
         nmax2    0.8100960000000000         1.000000         0.000000    
       cfalll2    8.3299999999999999E-02     1.000000         0.000000    
       cfallw2    1.0112100000000001E-02     1.000000         0.000000    
       cfallr2    7.2204009999999999E-02     1.000000         0.000000    
       nfalll2    2.7998760000000001E-02     1.000000         0.000000    
       nfallw2    4.9360899999999997E-03     1.000000         0.000000    
       nfallr2    1.5914220000000000E-02     1.000000         0.000000    
         krb02    -7.500000000000000         1.000000         0.000000    
         krb12    -3.907100000000000         1.000000         0.000000    
         krb22    -1.000000000000000         1.000000         0.000000    
         cmax3     24.18780000000000         1.000000         0.000000    
         nmax3    0.1900040000000000         1.000000         0.000000    
       cfalll3    2.0440110000000001E-02     1.000000         0.000000    
       cfallw3    2.6666699999999999E-03     1.000000         0.000000    
       cfallr3    1.8321489999999999E-02     1.000000         0.000000    
       nfalll3    1.0948500000000000E-02     1.000000         0.000000    
       nfallw3    5.9827400000000003E-03     1.000000         0.000000    
       nfallr3    5.5000000000000000E-02     1.000000         0.000000    
         krb03    -3.308200000000000         1.000000         0.000000    
         krb13    -5.805200000000000         1.000000         0.000000    
         krb23    -2.500000000000000         1.000000         0.000000    
         cmax4     42.38970000000000         1.000000         0.000000    
         nmax4    0.2300010000000000         1.000000         0.000000    
       cfalll4    8.3299999999999999E-02     1.000000         0.000000    
       cfallw4     0.000000000000000         1.000000         0.000000    
       cfallr4    8.3299999999999999E-02     1.000000         0.000000    
       nfalll4    4.2584259999999999E-02     1.000000         0.000000    
       nfallw4     0.000000000000000         1.000000         0.000000    
       nfallr4    3.7419649999999999E-02     1.000000         0.000000    
         krb04    -1.200000000000000         1.000000         0.000000    
         krb14     0.000000000000000         1.000000         0.000000    
         krb24    -3.307700000000000         1.000000         0.000000    
         cmax5     67.13030000000001         1.000000         0.000000    
         nmax5    0.7600070000000000         1.000000         0.000000    
       cfalll5    8.2492019999999999E-02     1.000000         0.000000    
       cfallw5     0.000000000000000         1.000000         0.000000    
       cfallr5    8.1899559999999996E-02     1.000000         0.000000    
       nfalll5    3.7544580000000001E-02     1.000000         0.000000    
       nfallw5     0.000000000000000         1.000000         0.000000    
       nfallr5    3.7510120000000001E-02     1.000000         0.000000    
         krb05    -3.597900000000000         1.000000         0.000000    
         krb15     0.000000000000000         1.000000         0.000000    
         krb25    -1.800000000000000         1.000000         0.000000    
         cmax6     27.80000000000000         1.000000         0.000000    
         nmax6    0.2900000000000000         1.000000         0.000000    
       cfalll6    8.3000000000000004E-02     1.000000         0.000000    
       cfallw6     0.000000000000000         1.000000         0.000000    
       cfallr6    8.3000000000000004E-02     1.000000         0.000000    
       nfalll6    4.2000000000000003E-02     1.000000         0.000000    
       nfallw6     0.000000000000000         1.000000         0.000000    
       nfallr6    4.2000000000000003E-02     1.000000         0.000000    
         krb06    -4.100000000000000         1.000000         0.000000    
         krb16     0.000000000000000         1.000000         0.000000    
         krb26    -1.600000000000000         1.000000         0.000000    
         cmax7     34.12340000000000         1.000000         0.000000    
         nmax7    0.2000000000000000         1.000000         0.000000    
       cfalll7    3.6450610000000001E-02     1.000000         0.000000    
       cfallw7     0.000000000000000         1.000000         0.000000    
       cfallr7     0.000000000000000         1.000000         0.000000    
       nfalll7    1.4993830000000000E-02     1.000000         0.000000    
       nfallw7     0.000000000000000         1.000000         0.000000    
       nfallr7     0.000000000000000         1.000000         0.000000    
         krb07    -3.097300000000000         1.000000         0.000000    
         krb17     0.000000000000000         1.000000         0.000000    
         krb27     0.000000000000000         1.000000         0.000000    
         cmax8     91.55840000000001         1.000000         0.000000    
         nmax8    0.1000000000000000         1.000000         0.000000    
       cfalll8    2.1595639999999999E-02     1.000000         0.000000    
       cfallw8     0.000000000000000         1.000000         0.000000    
       cfallr8     0.000000000000000         1.000000         0.000000    
       nfalll8    2.0000000000000000E-02     1.000000         0.000000    
       nfallw8     0.000000000000000         1.000000         0.000000    
       nfallr8     0.000000000000000         1.000000         0.000000    
         krb08    -3.897000000000000         1.000000         0.000000    
         krb18     0.000000000000000         1.000000         0.000000    
         krb28     0.000000000000000         1.000000         0.000000    
          mnup     2.700000000000000         1.000000         0.000000    
       kdcmoss    5.4277300000000004E-03     1.000000         0.000000    
       kdcrawc    9.0974559999999996E-02     1.000000         0.000000    
       kdcsoma    1.5755340000000000E-02     1.000000         0.000000    
      kdcsompr    2.0428560000000000E-03     1.000000         0.000000    
      kdcsomcr    1.0798199999999999E-05     1.000000         0.000000    
        imossc     100.0061905000000         1.000000         0.000000    
        ishlwc     1395.028388000000         1.000000         0.000000    
        ideepc     5173.841831000000         1.000000         0.000000    
        iminec     8990.353767000001         1.000000         0.000000    
         isoln     360.6388165000000         1.000000         0.000000    
         iavln    0.7600000000000000         1.000000         0.000000    
