 double point
 cmax0          2.5           1.0    0.0
 cmax1          60.40         1.0    0.0
 cmax2          50.7          1.0    0.0
 cmax3          150.6         1.0    0.0
 cmax4          50.40         1.0    0.0
 cmax5          90.1          1.0    0.0
 cmax6          70.7          1.0    0.0
 cmax7          90.3          1.0    0.0
 nmax0          0.9           1.0    0.0
 nmax1          3.9           1.0    0.0
 nmax2          2.8           1.0    0.0
 nmax3          6.5           1.0    0.0
 nmax4          2.6           1.0    0.0
 nmax5          3.0           1.0    0.0
 nmax6          2.1           1.0    0.0
 nmax7          3.0           1.0    0.0
 cfalll0        0.083         1.0    0.0
 cfalll1        0.083         1.0    0.0
 cfalll2        0.058         1.0    0.0
 cfalll3        0.083         1.0    0.0
 cfalll4        0.083         1.0    0.0
 cfalll5        0.009         1.0    0.0
 cfalll6        0.011         1.0    0.0
 cfalll7        0.021         1.0    0.0
 cfalls0        0.007         1.0    0.0
 cfalls1        0.015         1.0    0.0
 cfalls2        0.014         1.0    0.0
 cfalls3        0.0           1.0    0.0
 cfalls4        0.0           1.0    0.0
 cfalls5        0.0           1.0    0.0
 cfalls6        0.0           1.0    0.0
 cfalls7        0.0           1.0    0.0
 cfallr0        0.051         1.0    0.0
 cfallr1        0.059         1.0    0.0
 cfallr2        0.079         1.0    0.0
 cfallr3        0.083         1.0    0.0
 cfallr4        0.051         1.0    0.0
 cfallr5        0.0           1.0    0.0
 cfallr6        0.0           1.0    0.0
 cfallr7        0.0           1.0    0.0
 nfalll0        0.020         1.0    0.0
 nfalll1        0.021         1.0    0.0
 nfalll2        0.022         1.0    0.0
 nfalll3        0.025         1.0    0.0
 nfalll4        0.023         1.0    0.0
 nfalll5        0.002         1.0    0.0
 nfalll6        0.002         1.0    0.0
 nfalll7        0.002         1.0    0.0
 nfalls0        0.004         1.0    0.0
 nfalls1        0.008         1.0    0.0
 nfalls2        0.008         1.0    0.0
 nfalls3        0.0           1.0    0.0
 nfalls4        0.0           1.0    0.0
 nfalls5        0.0           1.0    0.0
 nfalls6        0.0           1.0    0.0
 nfalls7        0.0           1.0    0.0
 nfallr0        0.011         1.0    0.0
 nfallr1        0.0115        1.0    0.0
 nfallr2        0.018         1.0    0.0
 nfallr3        0.0215        1.0    0.0
 nfallr4        0.015         1.0    0.0
 nfallr5        0.0           1.0    0.0
 nfallr6        0.0           1.0    0.0
 nfallr7        0.0           1.0    0.0
 kra0          -8.06e-05      1.0    0.0
 kra1          -8.06e-05      1.0    0.0
 kra2          -8.06e-05      1.0    0.0
 kra3          -8.06e-05      1.0    0.0
 kra4          -8.06e-05      1.0    0.0
 kra5          -8.06e-05      1.0    0.0
 kra6          -8.06e-05      1.0    0.0
 kra7          -8.06e-05      1.0    0.0
 krb00         -2.49          1.0    0.0
 krb01         -2.1           1.0    0.0
 krb02         -2.20          1.0    0.0
 krb03         -3.0           1.0    0.0
 krb04         -2.1           1.0    0.0
 krb05         -2.5           1.0    0.0
 krb06         -3.5           1.0    0.0
 krb07         -2.7           1.0    0.0
 krb10         -5.10          1.0    0.0
 krb11         -4.01          1.0    0.0
 krb12         -4.10          1.0    0.0
 krb13          0.0           1.0    0.0
 krb14          0.0           1.0    0.0
 krb15          0.0           1.0    0.0
 krb16          0.0           1.0    0.0
 krb17          0.0           1.0    0.0
 krb20         -1.75          1.0    0.0 
 krb21         -1.56          1.0    0.0
 krb22         -1.05          1.0    0.0
 krb23         -2.1           1.0    0.0
 krb24         -2.1           1.0    0.0
 krb25          0.0           1.0    0.0
 krb26          0.0           1.0    0.0
 krb27          0.0           1.0    0.0
 frg0           0.20          1.0    0.0
 frg1           0.20          1.0    0.0
 frg2           0.20          1.0    0.0
 frg3           0.30          1.0    0.0
 frg4           0.20          1.0    0.0
 frg5           0.10          1.0    0.0
 frg6           0.20          1.0    0.0
 frg7           0.20          1.0    0.0
 micbnup        8.65          1.0    0.0
 kdcmoss        0.009         1.0    0.0
 kdcrawc        0.07          1.0    0.0
 kdcsoma        0.0097        1.0    0.0
 kdcsompr       0.001         1.0    0.0
 kdcsomcr       0.00008       1.0    0.0